0.00	0.90	1.5	1.5	1.5	1.5	1.5	1.5	1.5	1.5	0.1	1.5	1.5	1.5	1.5 0.1
0.90	0.00	1.5	1.5	1.5	1.5	1.5	1.5	1.5	1.5	1.5	0.1	1.5	1.5	1.5 0.1
0.80	0.80	0	0.5	0.5	1.5	1.5	0.1	1.5	1.5	1.5	1.5	0.2	1.5	1.5 0.1
0.80	0.80	0.5	0	0.5	1.5	1.5	1.5	0.1	1.5	1.5	1.5	0.5	1.5	1.5 0.1
0.60	0.60	0.5	0.6	0	1.5	1.5	1.5	1.5	0.1	1.5	1.5	0.5	1.5	1.5 0.1
0.90	0.90	0.9	0.9	0.9	0	0.5	1.5	1.5	1.5	1.5	1.5	0.9	1.5	1.5 0.1
0.60	0.60	0.6	0.6	0.6	1.5	0	1.5	1.5	1.5	1.5	1.5	0.6	1.5	0	0.1
0.30	0.30	0.1	0.1	0.1	1.5	0	0	1.5	1.5	1.5	1.5	0.1	0.7	1.5 0.1
0.30	0.30	0.2	0.1	0.2	1.5	0	1.5	0	1.5	1.5	1.5	0.1	0.7	1.5 0.1
0.30	0.30	0.1	0.2	0.1	1.5	0	1.5	1.5	0	1.5	1.5	0.1	0.7	1.5 0.1
0.05	0.10	1.2	1.2	1.2	1.5	1	1.5	1.5	1.5	0	1.5	1.2	1.2	1.5 0.1
0.15	0.05	1.2	1.2	1.2	1.5	1	1.5	1.5	1.5	1.5	0	1.1	1.2	1.5 0.1
0.60	0.60	0.4	0.4	0.4	1.5	0.3	1.5	1.5	1.5	1.5	1.5	0	1.5	1.5 0.1
0.80	0.90	0.7	0.7	0.7	1.5	0.5	1.5	1.5	1.5	1.5	1.5	0.8	0	1.5 0.1
0.90	0.90	0.7	0.7	0.7	0.0	0.5	1.5	1.5	1.5	1.5	1.5	1.5	1.5	0	0.1
0.80	0.90	0.7	0.7	0.7	1.5	0.5	1.5	1.5	1.5	1.5	1.5	0.8	0.1	1.5	0
